Population size: 100
Desired properties:
	Num of nodes: 100
	Average degree: 36
	Transitivity: 0.45
	Clustering coefficient: 0.43
	Num of connected components: 2
Results:
	Node degrees: [(0, 50), (1, 57), (2, 48), (3, 51), (4, 57), (5, 55), (6, 48), (7, 49), (8, 55), (9, 43), (10, 53), (11, 55), (12, 42), (13, 47), (14, 43), (15, 48), (16, 45), (17, 41), (18, 44), (19, 56), (20, 54), (21, 50), (22, 37), (23, 50), (24, 49), (25, 51), (26, 46), (27, 56), (28, 45), (29, 41), (30, 44), (31, 46), (32, 45), (33, 50), (34, 53), (35, 50), (36, 58), (37, 50), (38, 53), (39, 49), (40, 57), (41, 43), (42, 44), (43, 57), (44, 56), (45, 52), (46, 56), (47, 46), (48, 54), (49, 40), (50, 46), (51, 48), (52, 44), (53, 57), (54, 54), (55, 51), (56, 51), (57, 49), (58, 47), (59, 59), (60, 49), (61, 52), (62, 50), (63, 50), (64, 47), (65, 48), (66, 43), (67, 46), (68, 54), (69, 43), (70, 49), (71, 47), (72, 42), (73, 46), (74, 53), (75, 45), (76, 43), (77, 53), (78, 51), (79, 45), (80, 50), (81, 42), (82, 51), (83, 50), (84, 43), (85, 51), (86, 43), (87, 48), (88, 46), (89, 47), (90, 37), (91, 39), (92, 47), (93, 45), (94, 51), (95, 46), (96, 46), (97, 48), (98, 51), (99, 46)]
	Average clustering coefficient: 0.4904707843584149
	Number of connected components: 1
	Transivity: 0.4900995186790223
	Fitness: -0.4521703030374372
