Population size: 100
Desired properties:
	Num of nodes: 100
	Average degree: 42
	Transitivity: 0.53
	Clustering coefficient: 0.47
	Num of connected components: 1
Results:
	Node degrees: [(0, 54), (1, 59), (2, 58), (3, 47), (4, 51), (5, 43), (6, 51), (7, 51), (8, 50), (9, 47), (10, 54), (11, 52), (12, 49), (13, 51), (14, 45), (15, 47), (16, 50), (17, 61), (18, 47), (19, 51), (20, 52), (21, 50), (22, 50), (23, 50), (24, 46), (25, 41), (26, 41), (27, 44), (28, 49), (29, 47), (30, 47), (31, 42), (32, 49), (33, 51), (34, 41), (35, 53), (36, 55), (37, 58), (38, 46), (39, 45), (40, 46), (41, 49), (42, 50), (43, 45), (44, 55), (45, 54), (46, 54), (47, 50), (48, 47), (49, 53), (50, 48), (51, 50), (52, 49), (53, 55), (54, 50), (55, 47), (56, 56), (57, 52), (58, 51), (59, 56), (60, 47), (61, 49), (62, 45), (63, 57), (64, 47), (65, 54), (66, 41), (67, 46), (68, 62), (69, 48), (70, 44), (71, 43), (72, 48), (73, 47), (74, 45), (75, 52), (76, 44), (77, 46), (78, 42), (79, 44), (80, 50), (81, 38), (82, 49), (83, 53), (84, 45), (85, 46), (86, 48), (87, 35), (88, 49), (89, 47), (90, 50), (91, 50), (92, 46), (93, 34), (94, 46), (95, 44), (96, 48), (97, 45), (98, 48), (99, 48)]
	Average clustering coefficient: 0.4902109549733635
	Number of connected components: 1
	Transivity: 0.4897409592203129
	Fitness: -0.19286999575305058
