Population size: 50

Desired properties:
	Num of nodes: 50
	Average degree: 14.5
	Transitivity: 0.31
	Clustering coefficient: 0.31
	Num of connected components: 1

Results:
	Node degrees: [(0, 23), (1, 15), (2, 20), (3, 19), (4, 20), (5, 15), (6, 19), (7, 23), (8, 20), (9, 20), (10, 21), (11, 18), (12, 21), (13, 24), (14, 15), (15, 17), (16, 21), (17, 17), (18, 25), (19, 23), (20, 14), (21, 14), (22, 18), (23, 17), (24, 25), (25, 14), (26, 20), (27, 17), (28, 20), (29, 22), (30, 20), (31, 18), (32, 18), (33, 16), (34, 25), (35, 24), (36, 22), (37, 17), (38, 20), (39, 21), (40, 16), (41, 18), (42, 20), (43, 24), (44, 20), (45, 24), (46, 19), (47, 19), (48, 17), (49, 15)]
	Average clustering coefficient: 0.3758292798495383
	Number of connected components: 1
	Transivity: 0.37520462730546766
	Fitness: -0.22903390715500593
