Population size: 50

Desired properties:
	Num of nodes: 75
	Average degree: 39.49333333333333
	Transitivity: 0.5338292535247816
	Clustering coefficient: 0.5339096518491401
	Num of connected components: 1

Results:
	Node degrees: [(0, 39), (1, 38), (2, 45), (3, 39), (4, 42), (5, 43), (6, 38), (7, 40), (8, 43), (9, 41), (10, 44), (11, 47), (12, 42), (13, 43), (14, 33), (15, 37), (16, 39), (17, 32), (18, 38), (19, 37), (20, 32), (21, 45), (22, 41), (23, 30), (24, 40), (25, 40), (26, 38), (27, 39), (28, 45), (29, 43), (30, 47), (31, 41), (32, 37), (33, 40), (34, 34), (35, 35), (36, 35), (37, 36), (38, 43), (39, 41), (40, 42), (41, 36), (42, 42), (43, 35), (44, 36), (45, 45), (46, 37), (47, 43), (48, 32), (49, 32), (50, 42), (51, 35), (52, 40), (53, 37), (54, 36), (55, 40), (56, 44), (57, 37), (58, 48), (59, 43), (60, 36), (61, 39), (62, 41), (63, 44), (64, 31), (65, 34), (66, 40), (67, 40), (68, 40), (69, 34), (70, 34), (71, 44), (72, 41), (73, 47), (74, 47)]
	Average clustering coefficient: 0.5345731751958572
	Number of connected components: 1
	Transivity: 0.5344668557804424
	Fitness: -0.0029011256023779054
