Population size: 100
Desired properties:
	Num of nodes: 75
	Average degree: 44.7
	Transitivity: 0.6
	Clustering coefficient: 0.6
	Num of connected components: 1
Results:
	Node degrees: [(0, 51), (1, 47), (2, 49), (3, 41), (4, 44), (5, 44), (6, 51), (7, 55), (8, 41), (9, 48), (10, 41), (11, 47), (12, 48), (13, 50), (14, 41), (15, 50), (16, 47), (17, 46), (18, 50), (19, 45), (20, 52), (21, 50), (22, 52), (23, 43), (24, 39), (25, 41), (26, 38), (27, 44), (28, 44), (29, 41), (30, 47), (31, 41), (32, 44), (33, 43), (34, 42), (35, 44), (36, 46), (37, 44), (38, 39), (39, 32), (40, 46), (41, 42), (42, 37), (43, 43), (44, 31), (45, 43), (46, 44), (47, 41), (48, 37), (49, 44), (50, 35), (51, 36), (52, 40), (53, 48), (54, 39), (55, 48), (56, 49), (57, 40), (58, 44), (59, 48), (60, 43), (61, 47), (62, 49), (63, 44), (64, 46), (65, 52), (66, 41), (67, 42), (68, 46), (69, 46), (70, 49), (71, 41), (72, 49), (73, 40), (74, 38)]
	Average clustering coefficient: 0.6001399227801972
	Number of connected components: 1
	Transivity: 0.5994683575849036
	Fitness: -0.012004898528627055
