Population size: 50
Desired properties:
	Num of nodes: 100
	Average degree: 4
	Transitivity: 0.34
	Clustering coefficient: 0.87
	Num of connected components: 10
Results:
	Node degrees: [(0, 31), (1, 28), (2, 29), (3, 23), (4, 25), (5, 32), (6, 37), (7, 30), (8, 32), (9, 35), (10, 26), (11, 30), (12, 31), (13, 33), (14, 28), (15, 44), (16, 27), (17, 38), (18, 26), (19, 21), (20, 42), (21, 22), (22, 26), (23, 30), (24, 29), (25, 23), (26, 31), (27, 31), (28, 35), (29, 33), (30, 26), (31, 42), (32, 27), (33, 30), (34, 31), (35, 31), (36, 27), (37, 40), (38, 29), (39, 30), (40, 32), (41, 25), (42, 29), (43, 36), (44, 34), (45, 37), (46, 30), (47, 35), (48, 28), (49, 38), (50, 34), (51, 31), (52, 29), (53, 21), (54, 36), (55, 29), (56, 34), (57, 28), (58, 35), (59, 35), (60, 47), (61, 30), (62, 24), (63, 38), (64, 32), (65, 32), (66, 33), (67, 27), (68, 21), (69, 23), (70, 27), (71, 27), (72, 35), (73, 29), (74, 27), (75, 37), (76, 30), (77, 30), (78, 24), (79, 26), (80, 27), (81, 40), (82, 30), (83, 25), (84, 33), (85, 24), (86, 24), (87, 36), (88, 42), (89, 31), (90, 24), (91, 36), (92, 32), (93, 30), (94, 38), (95, 22), (96, 29), (97, 36), (98, 30), (99, 25)]
	Average clustering coefficient: 0.3161159896110167
	Number of connected components: 1
	Transivity: 0.31648772190921654
	Fitness: -2.0113962884797667
