Population size: 50

Desired properties:
	Num of nodes: 100
	Average degree: 3.2
	Transitivity: 0.02
	Clustering coefficient: 0.03
	Num of connected components: 5

Results:
	Node degrees: [(0, 51), (1, 39), (2, 37), (3, 50), (4, 58), (5, 45), (6, 48), (7, 49), (8, 47), (9, 46), (10, 51), (11, 53), (12, 42), (13, 53), (14, 52), (15, 48), (16, 45), (17, 47), (18, 47), (19, 48), (20, 42), (21, 53), (22, 49), (23, 51), (24, 42), (25, 44), (26, 41), (27, 52), (28, 54), (29, 42), (30, 53), (31, 45), (32, 48), (33, 50), (34, 51), (35, 55), (36, 55), (37, 36), (38, 51), (39, 44), (40, 44), (41, 53), (42, 43), (43, 50), (44, 47), (45, 54), (46, 49), (47, 46), (48, 54), (49, 65), (50, 46), (51, 54), (52, 42), (53, 52), (54, 51), (55, 44), (56, 51), (57, 45), (58, 50), (59, 46), (60, 46), (61, 48), (62, 45), (63, 52), (64, 47), (65, 53), (66, 50), (67, 50), (68, 51), (69, 47), (70, 36), (71, 48), (72, 45), (73, 50), (74, 49), (75, 54), (76, 49), (77, 49), (78, 47), (79, 52), (80, 45), (81, 51), (82, 47), (83, 43), (84, 44), (85, 49), (86, 47), (87, 50), (88, 50), (89, 47), (90, 50), (91, 52), (92, 49), (93, 50), (94, 40), (95, 58), (96, 44), (97, 47), (98, 53), (99, 52)]
	Average clustering coefficient: 0.48865858061992556
	Number of connected components: 1
	Transivity: 0.48894174631319465
	Fitness: -2.6308003269331204
