Population size: 100
Desired properties:
	Num of nodes: 100
	Average degree: 4
	Transitivity: 0.34
	Clustering coefficient: 0.87
	Num of connected components: 10
Results:
	Node degrees: [(0, 53), (1, 61), (2, 41), (3, 56), (4, 46), (5, 51), (6, 50), (7, 50), (8, 45), (9, 48), (10, 48), (11, 52), (12, 53), (13, 50), (14, 52), (15, 45), (16, 45), (17, 55), (18, 51), (19, 51), (20, 50), (21, 45), (22, 50), (23, 51), (24, 49), (25, 49), (26, 55), (27, 52), (28, 40), (29, 55), (30, 48), (31, 43), (32, 45), (33, 49), (34, 41), (35, 50), (36, 53), (37, 44), (38, 54), (39, 41), (40, 50), (41, 46), (42, 45), (43, 55), (44, 53), (45, 47), (46, 53), (47, 54), (48, 50), (49, 35), (50, 45), (51, 46), (52, 44), (53, 55), (54, 52), (55, 50), (56, 47), (57, 45), (58, 37), (59, 50), (60, 46), (61, 50), (62, 52), (63, 51), (64, 46), (65, 45), (66, 40), (67, 49), (68, 42), (69, 47), (70, 47), (71, 49), (72, 38), (73, 56), (74, 47), (75, 58), (76, 47), (77, 47), (78, 46), (79, 47), (80, 44), (81, 51), (82, 43), (83, 43), (84, 49), (85, 45), (86, 45), (87, 50), (88, 50), (89, 50), (90, 49), (91, 55), (92, 51), (93, 55), (94, 48), (95, 40), (96, 39), (97, 43), (98, 49), (99, 49)]
	Average clustering coefficient: 0.48630696214292485
	Number of connected components: 1
	Transivity: 0.48625678905061914
	Fitness: -2.3147498269076943
