Population size: 50

Desired properties:
	Num of nodes: 75
	Average degree: 44.7
	Transitivity: 0.6
	Clustering coefficient: 0.6
	Num of connected components: 1

Results:
	Node degrees: [(0, 36), (1, 48), (2, 42), (3, 39), (4, 40), (5, 37), (6, 30), (7, 38), (8, 39), (9, 45), (10, 41), (11, 35), (12, 41), (13, 38), (14, 36), (15, 44), (16, 42), (17, 42), (18, 35), (19, 42), (20, 41), (21, 28), (22, 36), (23, 43), (24, 38), (25, 39), (26, 37), (27, 30), (28, 34), (29, 38), (30, 36), (31, 40), (32, 37), (33, 37), (34, 41), (35, 48), (36, 26), (37, 34), (38, 42), (39, 36), (40, 38), (41, 48), (42, 39), (43, 46), (44, 44), (45, 42), (46, 36), (47, 46), (48, 39), (49, 45), (50, 40), (51, 29), (52, 40), (53, 40), (54, 38), (55, 31), (56, 36), (57, 32), (58, 30), (59, 37), (60, 32), (61, 38), (62, 38), (63, 24), (64, 33), (65, 36), (66, 37), (67, 34), (68, 40), (69, 39), (70, 26), (71, 44), (72, 38), (73, 45), (74, 37)]
	Average clustering coefficient: 0.5190878276489774
	Number of connected components: 1
	Transivity: 0.5193609127686944
	Fitness: -0.2960845929156614
