Population size: 100

Desired properties:
	Num of nodes: 100
	Average degree: 3.2
	Transitivity: 0.02
	Clustering coefficient: 0.03
	Num of connected components: 5

Results:
	Node degrees: [(0, 45), (1, 48), (2, 49), (3, 43), (4, 55), (5, 40), (6, 48), (7, 54), (8, 37), (9, 40), (10, 48), (11, 47), (12, 47), (13, 37), (14, 57), (15, 42), (16, 49), (17, 39), (18, 48), (19, 39), (20, 44), (21, 46), (22, 40), (23, 42), (24, 46), (25, 48), (26, 56), (27, 50), (28, 48), (29, 44), (30, 52), (31, 42), (32, 34), (33, 51), (34, 42), (35, 40), (36, 36), (37, 42), (38, 43), (39, 47), (40, 55), (41, 47), (42, 45), (43, 48), (44, 41), (45, 48), (46, 44), (47, 51), (48, 56), (49, 46), (50, 56), (51, 53), (52, 49), (53, 48), (54, 52), (55, 42), (56, 43), (57, 42), (58, 51), (59, 51), (60, 41), (61, 48), (62, 54), (63, 50), (64, 53), (65, 49), (66, 44), (67, 48), (68, 43), (69, 39), (70, 52), (71, 48), (72, 42), (73, 47), (74, 37), (75, 39), (76, 46), (77, 57), (78, 46), (79, 46), (80, 49), (81, 37), (82, 39), (83, 48), (84, 43), (85, 43), (86, 45), (87, 45), (88, 51), (89, 45), (90, 46), (91, 42), (92, 44), (93, 47), (94, 37), (95, 46), (96, 41), (97, 43), (98, 48), (99, 45)]
	Average clustering coefficient: 0.46324302949286716
	Number of connected components: 1
	Transivity: 0.4631863860174494
	Fitness: -2.5296294155103167
