Population size: 100
Desired properties:
	Num of nodes: 100
	Average degree: 3.2
	Transitivity: 0.02
	Clustering coefficient: 0.03
	Num of connected components: 5
Results:
	Node degrees: [(0, 48), (1, 46), (2, 44), (3, 51), (4, 46), (5, 36), (6, 48), (7, 57), (8, 49), (9, 50), (10, 55), (11, 40), (12, 47), (13, 46), (14, 54), (15, 40), (16, 54), (17, 46), (18, 49), (19, 44), (20, 55), (21, 42), (22, 50), (23, 54), (24, 48), (25, 49), (26, 55), (27, 49), (28, 52), (29, 50), (30, 49), (31, 60), (32, 44), (33, 47), (34, 43), (35, 43), (36, 42), (37, 53), (38, 55), (39, 54), (40, 44), (41, 55), (42, 45), (43, 53), (44, 49), (45, 44), (46, 54), (47, 54), (48, 50), (49, 57), (50, 36), (51, 48), (52, 52), (53, 43), (54, 50), (55, 53), (56, 50), (57, 35), (58, 51), (59, 54), (60, 51), (61, 50), (62, 46), (63, 49), (64, 49), (65, 49), (66, 42), (67, 53), (68, 47), (69, 54), (70, 49), (71, 50), (72, 43), (73, 45), (74, 45), (75, 43), (76, 52), (77, 38), (78, 43), (79, 52), (80, 40), (81, 55), (82, 46), (83, 46), (84, 52), (85, 57), (86, 46), (87, 48), (88, 53), (89, 46), (90, 50), (91, 43), (92, 39), (93, 44), (94, 54), (95, 51), (96, 51), (97, 55), (98, 44), (99, 45)]
	Average clustering coefficient: 0.48996670844986445
	Number of connected components: 1
	Transivity: 0.48930806750982
	Fitness: -2.6324747759596843
