Population size: 50

Desired properties:
	Num of nodes: 50
	Average degree: 14.5
	Transitivity: 0.31
	Clustering coefficient: 0.31
	Num of connected components: 1

Results:
	Node degrees: [(0, 18), (1, 23), (2, 20), (3, 23), (4, 18), (5, 25), (6, 16), (7, 17), (8, 17), (9, 20), (10, 16), (11, 21), (12, 23), (13, 16), (14, 25), (15, 19), (16, 23), (17, 17), (18, 18), (19, 26), (20, 17), (21, 18), (22, 15), (23, 17), (24, 19), (25, 17), (26, 18), (27, 18), (28, 19), (29, 27), (30, 27), (31, 25), (32, 15), (33, 19), (34, 20), (35, 20), (36, 20), (37, 19), (38, 18), (39, 23), (40, 23), (41, 17), (42, 18), (43, 21), (44, 17), (45, 22), (46, 23), (47, 17), (48, 19), (49, 21)]
	Average clustering coefficient: 0.3990078055211317
	Number of connected components: 1
	Transivity: 0.3988275934261489
	Fitness: -0.2838353989472806
