Population size: 100

Desired properties:
	Num of nodes: 75
	Average degree: 39.49333333333333
	Transitivity: 0.5338292535247816
	Clustering coefficient: 0.5339096518491401
	Num of connected components: 1

Results:
	Node degrees: [(0, 47), (1, 44), (2, 40), (3, 37), (4, 32), (5, 40), (6, 38), (7, 42), (8, 37), (9, 46), (10, 38), (11, 47), (12, 39), (13, 41), (14, 47), (15, 46), (16, 35), (17, 31), (18, 41), (19, 44), (20, 38), (21, 39), (22, 41), (23, 41), (24, 40), (25, 44), (26, 35), (27, 39), (28, 28), (29, 34), (30, 37), (31, 42), (32, 42), (33, 46), (34, 43), (35, 41), (36, 43), (37, 41), (38, 39), (39, 41), (40, 42), (41, 36), (42, 47), (43, 37), (44, 45), (45, 41), (46, 34), (47, 42), (48, 39), (49, 43), (50, 32), (51, 34), (52, 32), (53, 43), (54, 34), (55, 44), (56, 34), (57, 44), (58, 38), (59, 39), (60, 35), (61, 39), (62, 36), (63, 36), (64, 34), (65, 40), (66, 38), (67, 46), (68, 39), (69, 43), (70, 39), (71, 36), (72, 37), (73, 38), (74, 40)]
	Average clustering coefficient: 0.5333131544375812
	Number of connected components: 1
	Transivity: 0.532721945807257
	Fitness: -0.0017038051290835243
