Population size: 100
Desired properties:
	Num of nodes: 75
	Average degree: 22
	Transitivity: 0.23
	Clustering coefficient: 0.782
	Num of connected components: 1
Results:
	Node degrees: [(0, 20), (1, 25), (2, 18), (3, 23), (4, 24), (5, 30), (6, 25), (7, 16), (8, 18), (9, 22), (10, 21), (11, 24), (12, 22), (13, 17), (14, 23), (15, 22), (16, 21), (17, 22), (18, 22), (19, 18), (20, 21), (21, 19), (22, 27), (23, 19), (24, 23), (25, 19), (26, 18), (27, 23), (28, 19), (29, 27), (30, 33), (31, 18), (32, 24), (33, 16), (34, 20), (35, 24), (36, 17), (37, 20), (38, 25), (39, 17), (40, 22), (41, 22), (42, 16), (43, 26), (44, 22), (45, 23), (46, 21), (47, 20), (48, 22), (49, 31), (50, 21), (51, 26), (52, 23), (53, 19), (54, 26), (55, 22), (56, 19), (57, 20), (58, 20), (59, 19), (60, 31), (61, 23), (62, 19), (63, 20), (64, 36), (65, 20), (66, 22), (67, 21), (68, 25), (69, 20), (70, 21), (71, 21), (72, 20), (73, 24), (74, 25)]
	Average clustering coefficient: 0.3009721375724667
	Number of connected components: 1
	Transivity: 0.2996139428187769
	Fitness: -0.5506418052463102
