Population size: 50

Desired properties:
	Num of nodes: 75
	Average degree: 44.7
	Transitivity: 0.6
	Clustering coefficient: 0.6
	Num of connected components: 1

Results:
	Node degrees: [(0, 42), (1, 42), (2, 44), (3, 43), (4, 48), (5, 39), (6, 46), (7, 48), (8, 51), (9, 46), (10, 41), (11, 43), (12, 45), (13, 41), (14, 41), (15, 39), (16, 44), (17, 44), (18, 42), (19, 40), (20, 35), (21, 46), (22, 40), (23, 44), (24, 44), (25, 37), (26, 43), (27, 37), (28, 47), (29, 41), (30, 42), (31, 38), (32, 38), (33, 43), (34, 40), (35, 53), (36, 36), (37, 47), (38, 43), (39, 42), (40, 42), (41, 38), (42, 43), (43, 38), (44, 42), (45, 37), (46, 32), (47, 38), (48, 40), (49, 41), (50, 38), (51, 36), (52, 38), (53, 43), (54, 46), (55, 39), (56, 39), (57, 40), (58, 42), (59, 44), (60, 34), (61, 49), (62, 44), (63, 45), (64, 44), (65, 40), (66, 40), (67, 47), (68, 38), (69, 39), (70, 45), (71, 39), (72, 40), (73, 42), (74, 41)]
	Average clustering coefficient: 0.5593376175637007
	Number of connected components: 1
	Transivity: 0.5598137535816619
	Fitness: -0.14071529552130418
