Population size: 50

Desired properties:
	Num of nodes: 50
	Average degree: 14.5
	Transitivity: 0.31
	Clustering coefficient: 0.31
	Num of connected components: 1

Results:
	Node degrees: [(0, 16), (1, 18), (2, 22), (3, 29), (4, 24), (5, 15), (6, 21), (7, 25), (8, 28), (9, 21), (10, 26), (11, 21), (12, 21), (13, 23), (14, 27), (15, 20), (16, 25), (17, 20), (18, 24), (19, 23), (20, 23), (21, 23), (22, 26), (23, 24), (24, 23), (25, 22), (26, 24), (27, 18), (28, 22), (29, 23), (30, 26), (31, 24), (32, 18), (33, 21), (34, 27), (35, 24), (36, 21), (37, 21), (38, 19), (39, 23), (40, 28), (41, 15), (42, 24), (43, 23), (44, 31), (45, 17), (46, 26), (47, 21), (48, 25), (49, 25)]
	Average clustering coefficient: 0.4669925741001112
	Number of connected components: 1
	Transivity: 0.4668355231913883
	Fitness: -0.4782280972914995
