Population size: 100

Desired properties:
	Num of nodes: 50
	Average degree: 14.5
	Transitivity: 0.31
	Clustering coefficient: 0.31
	Num of connected components: 1

Results:
	Node degrees: [(0, 20), (1, 22), (2, 21), (3, 17), (4, 17), (5, 16), (6, 15), (7, 16), (8, 21), (9, 24), (10, 26), (11, 25), (12, 23), (13, 18), (14, 14), (15, 28), (16, 14), (17, 17), (18, 16), (19, 19), (20, 18), (21, 22), (22, 23), (23, 22), (24, 19), (25, 28), (26, 21), (27, 19), (28, 20), (29, 22), (30, 21), (31, 26), (32, 28), (33, 14), (34, 21), (35, 20), (36, 19), (37, 19), (38, 19), (39, 22), (40, 20), (41, 22), (42, 25), (43, 25), (44, 22), (45, 25), (46, 18), (47, 19), (48, 21), (49, 19)]
	Average clustering coefficient: 0.42010073866198494
	Number of connected components: 1
	Transivity: 0.42212798766383963
	Fitness: -0.34342872632582455
