Population size: 50
Desired properties:
	Num of nodes: 100
	Average degree: 3.2
	Transitivity: 0.02
	Clustering coefficient: 0.03
	Num of connected components: 5
Results:
	Node degrees: [(0, 41), (1, 47), (2, 48), (3, 47), (4, 54), (5, 53), (6, 50), (7, 53), (8, 41), (9, 55), (10, 51), (11, 40), (12, 44), (13, 49), (14, 44), (15, 50), (16, 48), (17, 55), (18, 46), (19, 43), (20, 43), (21, 41), (22, 58), (23, 50), (24, 51), (25, 51), (26, 46), (27, 46), (28, 36), (29, 55), (30, 44), (31, 36), (32, 37), (33, 48), (34, 49), (35, 43), (36, 51), (37, 52), (38, 51), (39, 49), (40, 51), (41, 42), (42, 44), (43, 45), (44, 36), (45, 50), (46, 44), (47, 46), (48, 49), (49, 48), (50, 49), (51, 49), (52, 43), (53, 43), (54, 43), (55, 56), (56, 47), (57, 42), (58, 50), (59, 44), (60, 46), (61, 42), (62, 44), (63, 42), (64, 53), (65, 48), (66, 47), (67, 48), (68, 42), (69, 45), (70, 52), (71, 62), (72, 43), (73, 48), (74, 42), (75, 45), (76, 49), (77, 47), (78, 56), (79, 48), (80, 48), (81, 47), (82, 55), (83, 42), (84, 56), (85, 45), (86, 47), (87, 57), (88, 47), (89, 54), (90, 54), (91, 49), (92, 50), (93, 42), (94, 44), (95, 54), (96, 45), (97, 40), (98, 52), (99, 54)]
	Average clustering coefficient: 0.4803095197598955
	Number of connected components: 1
	Transivity: 0.47971841329834397
	Fitness: -2.595627933058239
