Population size: 50
Desired properties:
	Num of nodes: 50
	Average degree: 25
	Transitivity: 0.463
	Clustering coefficient: 0.65
	Num of connected components: 1
Results:
	Node degrees: [(0, 37), (1, 31), (2, 27), (3, 26), (4, 24), (5, 31), (6, 24), (7, 29), (8, 23), (9, 17), (10, 29), (11, 27), (12, 24), (13, 23), (14, 25), (15, 27), (16, 25), (17, 23), (18, 22), (19, 27), (20, 23), (21, 27), (22, 31), (23, 28), (24, 23), (25, 26), (26, 15), (27, 25), (28, 19), (29, 32), (30, 20), (31, 21), (32, 24), (33, 25), (34, 26), (35, 23), (36, 20), (37, 26), (38, 25), (39, 27), (40, 31), (41, 25), (42, 26), (43, 26), (44, 28), (45, 21), (46, 22), (47, 22), (48, 23), (49, 27)]
	Average clustering coefficient: 0.5231423878345406
	Number of connected components: 1
	Transivity: 0.5190344739038326
	Fitness: -0.18609208606929203
