Population size: 50

Desired properties:
	Num of nodes: 100
	Average degree: 3.2
	Transitivity: 0.02
	Clustering coefficient: 0.03
	Num of connected components: 5

Results:
	Node degrees: [(0, 48), (1, 39), (2, 41), (3, 52), (4, 50), (5, 45), (6, 50), (7, 43), (8, 35), (9, 39), (10, 49), (11, 47), (12, 43), (13, 54), (14, 40), (15, 44), (16, 46), (17, 40), (18, 46), (19, 44), (20, 48), (21, 44), (22, 45), (23, 45), (24, 51), (25, 47), (26, 44), (27, 41), (28, 41), (29, 36), (30, 45), (31, 42), (32, 47), (33, 49), (34, 41), (35, 46), (36, 44), (37, 46), (38, 38), (39, 43), (40, 44), (41, 46), (42, 46), (43, 46), (44, 43), (45, 52), (46, 50), (47, 49), (48, 41), (49, 42), (50, 51), (51, 43), (52, 32), (53, 50), (54, 36), (55, 41), (56, 49), (57, 41), (58, 40), (59, 47), (60, 40), (61, 42), (62, 48), (63, 45), (64, 48), (65, 40), (66, 47), (67, 53), (68, 46), (69, 39), (70, 40), (71, 38), (72, 41), (73, 53), (74, 40), (75, 47), (76, 39), (77, 42), (78, 47), (79, 42), (80, 40), (81, 44), (82, 42), (83, 40), (84, 44), (85, 55), (86, 44), (87, 40), (88, 44), (89, 48), (90, 46), (91, 47), (92, 39), (93, 45), (94, 38), (95, 49), (96, 51), (97, 40), (98, 46), (99, 50)]
	Average clustering coefficient: 0.4452760295144115
	Number of connected components: 1
	Transivity: 0.44534771244520366
	Fitness: -2.463823741959615
