Population size: 50

Desired properties:
	Num of nodes: 50
	Average degree: 24.8
	Transitivity: 0.5020359121553969
	Clustering coefficient: 0.5020201364363903
	Num of connected components: 1

Results:
	Node degrees: [(0, 22), (1, 21), (2, 23), (3, 26), (4, 26), (5, 21), (6, 21), (7, 27), (8, 25), (9, 24), (10, 25), (11, 24), (12, 33), (13, 32), (14, 23), (15, 25), (16, 21), (17, 26), (18, 25), (19, 27), (20, 22), (21, 23), (22, 29), (23, 30), (24, 21), (25, 23), (26, 22), (27, 23), (28, 25), (29, 20), (30, 29), (31, 23), (32, 22), (33, 22), (34, 27), (35, 28), (36, 24), (37, 28), (38, 24), (39, 25), (40, 26), (41, 20), (42, 19), (43, 29), (44, 21), (45, 29), (46, 28), (47, 27), (48, 28), (49, 26)]
	Average clustering coefficient: 0.5014382605746615
	Number of connected components: 1
	Transivity: 0.5013988808952837
	Fitness: -0.0012189071218420278
