Population size: 100

Desired properties:
	Num of nodes: 100
	Average degree: 46.32
	Transitivity: 0.46964342775511736
	Clustering coefficient: 0.470168926907281
	Num of connected components: 1

Results:
	Node degrees: [(0, 41), (1, 49), (2, 40), (3, 52), (4, 50), (5, 45), (6, 46), (7, 50), (8, 44), (9, 48), (10, 54), (11, 41), (12, 46), (13, 46), (14, 58), (15, 45), (16, 49), (17, 50), (18, 42), (19, 46), (20, 45), (21, 40), (22, 40), (23, 50), (24, 53), (25, 44), (26, 45), (27, 39), (28, 49), (29, 49), (30, 49), (31, 54), (32, 49), (33, 41), (34, 45), (35, 45), (36, 50), (37, 49), (38, 37), (39, 40), (40, 48), (41, 43), (42, 48), (43, 46), (44, 46), (45, 45), (46, 57), (47, 49), (48, 48), (49, 44), (50, 56), (51, 41), (52, 48), (53, 47), (54, 38), (55, 42), (56, 42), (57, 46), (58, 42), (59, 40), (60, 49), (61, 47), (62, 37), (63, 37), (64, 38), (65, 50), (66, 45), (67, 57), (68, 49), (69, 49), (70, 55), (71, 44), (72, 53), (73, 46), (74, 43), (75, 51), (76, 42), (77, 45), (78, 46), (79, 43), (80, 43), (81, 45), (82, 46), (83, 40), (84, 46), (85, 44), (86, 44), (87, 43), (88, 50), (89, 46), (90, 47), (91, 49), (92, 56), (93, 48), (94, 42), (95, 38), (96, 43), (97, 54), (98, 59), (99, 50)]
	Average clustering coefficient: 0.47011334572977814
	Number of connected components: 1
	Transivity: 0.4695895627910484
	Fitness: -0.0005094461415718854
