Population size: 100

Desired properties:
	Num of nodes: 75
	Average degree: 44.7
	Transitivity: 0.6
	Clustering coefficient: 0.6
	Num of connected components: 1

Results:
	Node degrees: [(0, 38), (1, 43), (2, 38), (3, 41), (4, 42), (5, 42), (6, 34), (7, 39), (8, 38), (9, 42), (10, 46), (11, 36), (12, 37), (13, 39), (14, 41), (15, 32), (16, 32), (17, 35), (18, 35), (19, 36), (20, 39), (21, 41), (22, 39), (23, 37), (24, 40), (25, 33), (26, 35), (27, 41), (28, 38), (29, 35), (30, 38), (31, 38), (32, 49), (33, 45), (34, 35), (35, 38), (36, 41), (37, 39), (38, 42), (39, 48), (40, 42), (41, 30), (42, 42), (43, 40), (44, 41), (45, 40), (46, 42), (47, 30), (48, 33), (49, 36), (50, 35), (51, 43), (52, 35), (53, 43), (54, 37), (55, 37), (56, 37), (57, 40), (58, 36), (59, 39), (60, 33), (61, 40), (62, 35), (63, 36), (64, 40), (65, 35), (66, 42), (67, 37), (68, 42), (69, 35), (70, 41), (71, 41), (72, 45), (73, 34), (74, 39)]
	Average clustering coefficient: 0.5193584513571735
	Number of connected components: 1
	Transivity: 0.5188085199583858
	Fitness: -0.285166362017774
