Population size: 50

Desired properties:
	Num of nodes: 75
	Average degree: 44.7
	Transitivity: 0.6
	Clustering coefficient: 0.6
	Num of connected components: 1

Results:
	Node degrees: [(0, 36), (1, 59), (2, 46), (3, 46), (4, 34), (5, 36), (6, 33), (7, 42), (8, 52), (9, 47), (10, 45), (11, 42), (12, 38), (13, 41), (14, 41), (15, 41), (16, 34), (17, 47), (18, 39), (19, 37), (20, 47), (21, 43), (22, 45), (23, 37), (24, 55), (25, 45), (26, 46), (27, 41), (28, 49), (29, 46), (30, 43), (31, 41), (32, 41), (33, 40), (34, 47), (35, 38), (36, 39), (37, 37), (38, 52), (39, 44), (40, 38), (41, 45), (42, 48), (43, 40), (44, 41), (45, 34), (46, 43), (47, 47), (48, 39), (49, 36), (50, 40), (51, 39), (52, 43), (53, 40), (54, 42), (55, 48), (56, 39), (57, 35), (58, 39), (59, 35), (60, 41), (61, 37), (62, 31), (63, 42), (64, 37), (65, 41), (66, 41), (67, 40), (68, 33), (69, 38), (70, 36), (71, 43), (72, 38), (73, 41), (74, 46)]
	Average clustering coefficient: 0.568000831905431
	Number of connected components: 1
	Transivity: 0.5670164447924824
	Fitness: -0.13018272330208663
