Population size: 50

Desired properties:
	Num of nodes: 50
	Average degree: 24.8
	Transitivity: 0.5020359121553969
	Clustering coefficient: 0.5020201364363903
	Num of connected components: 1

Results:
	Node degrees: [(0, 28), (1, 20), (2, 19), (3, 24), (4, 24), (5, 22), (6, 29), (7, 24), (8, 19), (9, 23), (10, 22), (11, 23), (12, 26), (13, 22), (14, 30), (15, 28), (16, 25), (17, 23), (18, 24), (19, 26), (20, 28), (21, 22), (22, 26), (23, 29), (24, 29), (25, 23), (26, 25), (27, 26), (28, 31), (29, 28), (30, 23), (31, 28), (32, 26), (33, 21), (34, 24), (35, 17), (36, 25), (37, 24), (38, 22), (39, 25), (40, 29), (41, 29), (42, 27), (43, 30), (44, 26), (45, 20), (46, 26), (47, 22), (48, 23), (49, 25)]
	Average clustering coefficient: 0.5005580066355022
	Number of connected components: 1
	Transivity: 0.5018988606835898
	Fitness: -0.0015991812726952048
