Population size: 100

Desired properties:
	Num of nodes: 75
	Average degree: 44.7
	Transitivity: 0.6
	Clustering coefficient: 0.6
	Num of connected components: 1

Results:
	Node degrees: [(0, 48), (1, 42), (2, 41), (3, 47), (4, 47), (5, 42), (6, 35), (7, 43), (8, 46), (9, 48), (10, 38), (11, 48), (12, 48), (13, 45), (14, 41), (15, 37), (16, 40), (17, 40), (18, 39), (19, 44), (20, 46), (21, 44), (22, 38), (23, 39), (24, 46), (25, 42), (26, 31), (27, 43), (28, 42), (29, 49), (30, 41), (31, 45), (32, 39), (33, 42), (34, 46), (35, 42), (36, 42), (37, 34), (38, 51), (39, 40), (40, 43), (41, 43), (42, 43), (43, 42), (44, 46), (45, 44), (46, 38), (47, 34), (48, 41), (49, 42), (50, 38), (51, 45), (52, 37), (53, 41), (54, 43), (55, 46), (56, 42), (57, 48), (58, 44), (59, 41), (60, 43), (61, 47), (62, 41), (63, 43), (64, 50), (65, 40), (66, 41), (67, 44), (68, 39), (69, 41), (70, 45), (71, 46), (72, 49), (73, 37), (74, 44)]
	Average clustering coefficient: 0.576131394215466
	Number of connected components: 1
	Transivity: 0.5760469913012286
	Fitness: -0.09062161448330536
