Population size: 100

Desired properties:
	Num of nodes: 50
	Average degree: 14.5
	Transitivity: 0.31
	Clustering coefficient: 0.31
	Num of connected components: 1

Results:
	Node degrees: [(0, 17), (1, 20), (2, 16), (3, 18), (4, 20), (5, 17), (6, 20), (7, 18), (8, 13), (9, 17), (10, 17), (11, 18), (12, 14), (13, 22), (14, 20), (15, 22), (16, 23), (17, 21), (18, 23), (19, 12), (20, 19), (21, 19), (22, 21), (23, 21), (24, 25), (25, 25), (26, 19), (27, 20), (28, 17), (29, 11), (30, 25), (31, 17), (32, 21), (33, 18), (34, 18), (35, 21), (36, 22), (37, 19), (38, 19), (39, 21), (40, 20), (41, 16), (42, 22), (43, 16), (44, 25), (45, 19), (46, 22), (47, 18), (48, 19), (49, 25)]
	Average clustering coefficient: 0.39111311628501044
	Number of connected components: 1
	Transivity: 0.3891927368190768
	Fitness: -0.25750585310408725
