Population size: 100
Desired properties:
	Num of nodes: 50
	Average degree: 25
	Transitivity: 0.463
	Clustering coefficient: 0.65
	Num of connected components: 1
Results:
	Node degrees: [(0, 38), (1, 35), (2, 37), (3, 32), (4, 34), (5, 24), (6, 24), (7, 20), (8, 26), (9, 28), (10, 25), (11, 24), (12, 21), (13, 24), (14, 24), (15, 28), (16, 29), (17, 23), (18, 28), (19, 22), (20, 23), (21, 21), (22, 26), (23, 28), (24, 16), (25, 26), (26, 27), (27, 19), (28, 26), (29, 23), (30, 20), (31, 30), (32, 25), (33, 21), (34, 27), (35, 25), (36, 19), (37, 27), (38, 23), (39, 24), (40, 21), (41, 14), (42, 26), (43, 24), (44, 17), (45, 26), (46, 25), (47, 28), (48, 17), (49, 22)]
	Average clustering coefficient: 0.5239283990763582
	Number of connected components: 1
	Transivity: 0.5173958198104635
	Fitness: -0.18366742073410522
