Population size: 50

Desired properties:
	Num of nodes: 100
	Average degree: 46.32
	Transitivity: 0.46964342775511736
	Clustering coefficient: 0.470168926907281
	Num of connected components: 1

Results:
	Node degrees: [(0, 53), (1, 46), (2, 49), (3, 47), (4, 46), (5, 46), (6, 45), (7, 55), (8, 48), (9, 47), (10, 39), (11, 39), (12, 46), (13, 46), (14, 46), (15, 45), (16, 43), (17, 47), (18, 45), (19, 49), (20, 47), (21, 40), (22, 50), (23, 51), (24, 49), (25, 43), (26, 39), (27, 45), (28, 40), (29, 45), (30, 50), (31, 51), (32, 49), (33, 43), (34, 46), (35, 52), (36, 46), (37, 37), (38, 46), (39, 43), (40, 51), (41, 47), (42, 43), (43, 57), (44, 56), (45, 45), (46, 42), (47, 48), (48, 52), (49, 51), (50, 43), (51, 46), (52, 41), (53, 50), (54, 52), (55, 53), (56, 51), (57, 44), (58, 47), (59, 50), (60, 50), (61, 44), (62, 43), (63, 44), (64, 41), (65, 39), (66, 50), (67, 45), (68, 54), (69, 42), (70, 48), (71, 34), (72, 48), (73, 51), (74, 56), (75, 51), (76, 51), (77, 52), (78, 49), (79, 44), (80, 48), (81, 54), (82, 45), (83, 43), (84, 43), (85, 56), (86, 44), (87, 44), (88, 39), (89, 39), (90, 40), (91, 51), (92, 42), (93, 51), (94, 51), (95, 25), (96, 39), (97, 53), (98, 40), (99, 49)]
	Average clustering coefficient: 0.47072400599762854
	Number of connected components: 1
	Transivity: 0.46984665566886624
	Fitness: -0.0023583070040963695
