Population size: 100

Desired properties:
	Num of nodes: 50
	Average degree: 24.8
	Transitivity: 0.5020359121553969
	Clustering coefficient: 0.5020201364363903
	Num of connected components: 1

Results:
	Node degrees: [(0, 29), (1, 24), (2, 29), (3, 21), (4, 26), (5, 25), (6, 20), (7, 27), (8, 20), (9, 28), (10, 27), (11, 21), (12, 21), (13, 27), (14, 30), (15, 28), (16, 27), (17, 28), (18, 23), (19, 27), (20, 19), (21, 27), (22, 26), (23, 25), (24, 25), (25, 22), (26, 22), (27, 23), (28, 31), (29, 28), (30, 19), (31, 24), (32, 27), (33, 22), (34, 24), (35, 27), (36, 23), (37, 24), (38, 27), (39, 25), (40, 19), (41, 25), (42, 21), (43, 18), (44, 25), (45, 24), (46, 27), (47, 26), (48, 25), (49, 30)]
	Average clustering coefficient: 0.5021952252201626
	Number of connected components: 1
	Transivity: 0.5024729314262799
	Fitness: -0.0014121080546552634
