Population size: 100

Desired properties:
	Num of nodes: 100
	Average degree: 46.32
	Transitivity: 0.46964342775511736
	Clustering coefficient: 0.470168926907281
	Num of connected components: 1

Results:
	Node degrees: [(0, 47), (1, 44), (2, 49), (3, 40), (4, 55), (5, 44), (6, 45), (7, 48), (8, 47), (9, 43), (10, 38), (11, 42), (12, 59), (13, 47), (14, 46), (15, 48), (16, 65), (17, 36), (18, 41), (19, 51), (20, 44), (21, 38), (22, 44), (23, 43), (24, 49), (25, 48), (26, 50), (27, 50), (28, 44), (29, 50), (30, 58), (31, 50), (32, 47), (33, 47), (34, 51), (35, 38), (36, 40), (37, 46), (38, 44), (39, 45), (40, 46), (41, 46), (42, 51), (43, 43), (44, 44), (45, 46), (46, 43), (47, 44), (48, 43), (49, 39), (50, 46), (51, 44), (52, 49), (53, 42), (54, 45), (55, 39), (56, 50), (57, 47), (58, 50), (59, 55), (60, 46), (61, 46), (62, 44), (63, 47), (64, 43), (65, 49), (66, 50), (67, 46), (68, 52), (69, 45), (70, 46), (71, 43), (72, 52), (73, 44), (74, 37), (75, 43), (76, 57), (77, 50), (78, 56), (79, 37), (80, 49), (81, 48), (82, 44), (83, 43), (84, 42), (85, 40), (86, 47), (87, 53), (88, 44), (89, 52), (90, 50), (91, 47), (92, 44), (93, 55), (94, 45), (95, 50), (96, 47), (97, 45), (98, 46), (99, 51)]
	Average clustering coefficient: 0.47022164241447983
	Number of connected components: 1
	Transivity: 0.4693224856221069
	Fitness: -0.0035736576402092333
