Population size: 50

Desired properties:
	Num of nodes: 50
	Average degree: 14.5
	Transitivity: 0.31
	Clustering coefficient: 0.31
	Num of connected components: 1

Results:
	Node degrees: [(0, 20), (1, 23), (2, 18), (3, 23), (4, 21), (5, 22), (6, 19), (7, 15), (8, 20), (9, 20), (10, 24), (11, 26), (12, 22), (13, 27), (14, 23), (15, 21), (16, 23), (17, 18), (18, 17), (19, 21), (20, 20), (21, 18), (22, 24), (23, 22), (24, 19), (25, 28), (26, 25), (27, 23), (28, 16), (29, 23), (30, 19), (31, 25), (32, 19), (33, 20), (34, 22), (35, 24), (36, 19), (37, 23), (38, 22), (39, 20), (40, 26), (41, 24), (42, 22), (43, 24), (44, 16), (45, 22), (46, 21), (47, 22), (48, 20), (49, 21)]
	Average clustering coefficient: 0.42122934053776695
	Number of connected components: 1
	Transivity: 0.4198870259123106
	Fitness: -0.3599163664500776
