Population size: 100

Desired properties:
	Num of nodes: 75
	Average degree: 44.7
	Transitivity: 0.6
	Clustering coefficient: 0.6
	Num of connected components: 1

Results:
	Node degrees: [(0, 45), (1, 42), (2, 38), (3, 39), (4, 37), (5, 42), (6, 41), (7, 43), (8, 37), (9, 47), (10, 41), (11, 39), (12, 45), (13, 43), (14, 37), (15, 46), (16, 42), (17, 42), (18, 43), (19, 44), (20, 46), (21, 42), (22, 44), (23, 46), (24, 48), (25, 35), (26, 43), (27, 41), (28, 32), (29, 41), (30, 37), (31, 41), (32, 41), (33, 44), (34, 33), (35, 43), (36, 41), (37, 41), (38, 37), (39, 47), (40, 35), (41, 46), (42, 37), (43, 39), (44, 42), (45, 44), (46, 36), (47, 39), (48, 38), (49, 44), (50, 35), (51, 32), (52, 43), (53, 39), (54, 36), (55, 36), (56, 41), (57, 35), (58, 40), (59, 42), (60, 37), (61, 45), (62, 43), (63, 47), (64, 43), (65, 39), (66, 40), (67, 43), (68, 44), (69, 41), (70, 42), (71, 39), (72, 39), (73, 41), (74, 48)]
	Average clustering coefficient: 0.5504254886062169
	Number of connected components: 1
	Transivity: 0.5496383744689132
	Fitness: -0.17633613692486994
