Population size: 100

Desired properties:
	Num of nodes: 50
	Average degree: 14.5
	Transitivity: 0.31
	Clustering coefficient: 0.31
	Num of connected components: 1

Results:
	Node degrees: [(0, 21), (1, 23), (2, 27), (3, 17), (4, 22), (5, 22), (6, 20), (7, 22), (8, 22), (9, 21), (10, 22), (11, 22), (12, 12), (13, 21), (14, 24), (15, 24), (16, 24), (17, 25), (18, 16), (19, 30), (20, 16), (21, 21), (22, 19), (23, 22), (24, 24), (25, 27), (26, 20), (27, 23), (28, 28), (29, 18), (30, 22), (31, 22), (32, 25), (33, 23), (34, 22), (35, 23), (36, 23), (37, 24), (38, 25), (39, 23), (40, 25), (41, 29), (42, 25), (43, 27), (44, 20), (45, 23), (46, 27), (47, 19), (48, 23), (49, 23)]
	Average clustering coefficient: 0.45558694504130465
	Number of connected components: 1
	Transivity: 0.45758623462249737
	Fitness: -0.45437317966380203
