Population size: 100

Desired properties:
	Num of nodes: 50
	Average degree: 14.5
	Transitivity: 0.31
	Clustering coefficient: 0.31
	Num of connected components: 1

Results:
	Node degrees: [(0, 17), (1, 16), (2, 16), (3, 15), (4, 19), (5, 14), (6, 14), (7, 15), (8, 18), (9, 18), (10, 20), (11, 16), (12, 24), (13, 20), (14, 15), (15, 18), (16, 23), (17, 21), (18, 20), (19, 28), (20, 20), (21, 23), (22, 19), (23, 17), (24, 17), (25, 14), (26, 15), (27, 15), (28, 21), (29, 19), (30, 22), (31, 17), (32, 16), (33, 20), (34, 16), (35, 19), (36, 20), (37, 22), (38, 17), (39, 19), (40, 25), (41, 22), (42, 19), (43, 19), (44, 24), (45, 25), (46, 18), (47, 19), (48, 21), (49, 17)]
	Average clustering coefficient: 0.37260887433212103
	Number of connected components: 1
	Transivity: 0.3716783619003796
	Fitness: -0.21188723623250064
