Population size: 100

Desired properties:
	Num of nodes: 100
	Average degree: 3.2
	Transitivity: 0.02
	Clustering coefficient: 0.03
	Num of connected components: 5

Results:
	Node degrees: [(0, 46), (1, 46), (2, 42), (3, 41), (4, 39), (5, 47), (6, 37), (7, 57), (8, 40), (9, 42), (10, 42), (11, 42), (12, 41), (13, 39), (14, 52), (15, 37), (16, 42), (17, 36), (18, 45), (19, 42), (20, 49), (21, 43), (22, 39), (23, 44), (24, 34), (25, 43), (26, 50), (27, 38), (28, 39), (29, 46), (30, 45), (31, 49), (32, 40), (33, 35), (34, 43), (35, 46), (36, 42), (37, 43), (38, 41), (39, 36), (40, 41), (41, 41), (42, 34), (43, 46), (44, 44), (45, 43), (46, 42), (47, 44), (48, 46), (49, 43), (50, 38), (51, 40), (52, 39), (53, 46), (54, 47), (55, 42), (56, 42), (57, 52), (58, 48), (59, 38), (60, 34), (61, 48), (62, 45), (63, 43), (64, 46), (65, 49), (66, 45), (67, 46), (68, 39), (69, 46), (70, 47), (71, 46), (72, 48), (73, 44), (74, 47), (75, 45), (76, 47), (77, 51), (78, 42), (79, 42), (80, 50), (81, 46), (82, 46), (83, 40), (84, 36), (85, 47), (86, 46), (87, 44), (88, 45), (89, 41), (90, 32), (91, 53), (92, 46), (93, 39), (94, 55), (95, 53), (96, 52), (97, 41), (98, 48), (99, 34)]
	Average clustering coefficient: 0.43720458762766656
	Number of connected components: 1
	Transivity: 0.43721362427504884
	Fitness: -2.4304182119027153
