Population size: 50

Desired properties:
	Num of nodes: 75
	Average degree: 39.49333333333333
	Transitivity: 0.5338292535247816
	Clustering coefficient: 0.5339096518491401
	Num of connected components: 1

Results:
	Node degrees: [(0, 38), (1, 38), (2, 38), (3, 32), (4, 44), (5, 42), (6, 39), (7, 42), (8, 45), (9, 35), (10, 33), (11, 37), (12, 45), (13, 37), (14, 41), (15, 38), (16, 43), (17, 33), (18, 41), (19, 33), (20, 35), (21, 40), (22, 43), (23, 39), (24, 35), (25, 40), (26, 47), (27, 45), (28, 32), (29, 35), (30, 45), (31, 48), (32, 39), (33, 37), (34, 43), (35, 37), (36, 38), (37, 40), (38, 35), (39, 33), (40, 43), (41, 38), (42, 43), (43, 36), (44, 42), (45, 43), (46, 42), (47, 34), (48, 37), (49, 42), (50, 45), (51, 42), (52, 42), (53, 46), (54, 32), (55, 39), (56, 40), (57, 32), (58, 35), (59, 41), (60, 40), (61, 41), (62, 46), (63, 35), (64, 40), (65, 42), (66, 40), (67, 40), (68, 37), (69, 44), (70, 41), (71, 40), (72, 47), (73, 38), (74, 35)]
	Average clustering coefficient: 0.5341287127395504
	Number of connected components: 1
	Transivity: 0.5334804364445063
	Fitness: -0.0011012113040189675
