Population size: 50

Desired properties:
	Num of nodes: 75
	Average degree: 44.7
	Transitivity: 0.6
	Clustering coefficient: 0.6
	Num of connected components: 1

Results:
	Node degrees: [(0, 41), (1, 38), (2, 36), (3, 29), (4, 45), (5, 41), (6, 42), (7, 39), (8, 31), (9, 46), (10, 45), (11, 45), (12, 46), (13, 36), (14, 47), (15, 49), (16, 37), (17, 40), (18, 42), (19, 44), (20, 42), (21, 44), (22, 43), (23, 37), (24, 35), (25, 35), (26, 37), (27, 45), (28, 39), (29, 38), (30, 44), (31, 40), (32, 41), (33, 39), (34, 39), (35, 41), (36, 36), (37, 43), (38, 44), (39, 47), (40, 39), (41, 38), (42, 44), (43, 43), (44, 48), (45, 41), (46, 46), (47, 35), (48, 45), (49, 42), (50, 44), (51, 40), (52, 43), (53, 44), (54, 36), (55, 45), (56, 35), (57, 50), (58, 43), (59, 41), (60, 38), (61, 35), (62, 47), (63, 41), (64, 33), (65, 44), (66, 39), (67, 39), (68, 36), (69, 35), (70, 38), (71, 32), (72, 30), (73, 36), (74, 45)]
	Average clustering coefficient: 0.5508380002346678
	Number of connected components: 1
	Transivity: 0.5504161594894234
	Fitness: -0.18261250694257553
