Population size: 50
Desired properties:
	Num of nodes: 100
	Average degree: 3.2
	Transitivity: 0.02
	Clustering coefficient: 0.03
	Num of connected components: 5
Results:
	Node degrees: [(0, 18), (1, 20), (2, 23), (3, 21), (4, 22), (5, 12), (6, 20), (7, 26), (8, 19), (9, 20), (10, 17), (11, 15), (12, 21), (13, 13), (14, 17), (15, 14), (16, 15), (17, 17), (18, 15), (19, 15), (20, 20), (21, 17), (22, 19), (23, 14), (24, 11), (25, 19), (26, 18), (27, 20), (28, 27), (29, 22), (30, 17), (31, 20), (32, 26), (33, 17), (34, 17), (35, 17), (36, 27), (37, 21), (38, 19), (39, 20), (40, 20), (41, 22), (42, 21), (43, 12), (44, 17), (45, 12), (46, 18), (47, 16), (48, 17), (49, 17), (50, 19), (51, 21), (52, 16), (53, 23), (54, 16), (55, 24), (56, 20), (57, 19), (58, 20), (59, 18), (60, 11), (61, 11), (62, 14), (63, 15), (64, 20), (65, 20), (66, 19), (67, 23), (68, 17), (69, 14), (70, 26), (71, 25), (72, 22), (73, 18), (74, 17), (75, 28), (76, 10), (77, 16), (78, 13), (79, 20), (80, 19), (81, 18), (82, 21), (83, 15), (84, 15), (85, 20), (86, 16), (87, 25), (88, 15), (89, 16), (90, 24), (91, 17), (92, 21), (93, 19), (94, 16), (95, 22), (96, 23), (97, 20), (98, 20), (99, 21)]
	Average clustering coefficient: 0.18654170119526153
	Number of connected components: 1
	Transivity: 0.18425833675203657
	Fitness: -1.428400037947298
