Population size: 100

Desired properties:
	Num of nodes: 75
	Average degree: 39.49333333333333
	Transitivity: 0.5338292535247816
	Clustering coefficient: 0.5339096518491401
	Num of connected components: 1

Results:
	Node degrees: [(0, 42), (1, 45), (2, 49), (3, 36), (4, 39), (5, 48), (6, 43), (7, 44), (8, 40), (9, 35), (10, 35), (11, 39), (12, 38), (13, 39), (14, 41), (15, 39), (16, 42), (17, 32), (18, 45), (19, 37), (20, 42), (21, 45), (22, 49), (23, 42), (24, 34), (25, 40), (26, 37), (27, 42), (28, 36), (29, 35), (30, 43), (31, 45), (32, 37), (33, 35), (34, 45), (35, 31), (36, 39), (37, 39), (38, 36), (39, 33), (40, 41), (41, 39), (42, 37), (43, 42), (44, 36), (45, 34), (46, 41), (47, 44), (48, 45), (49, 37), (50, 35), (51, 43), (52, 34), (53, 38), (54, 37), (55, 43), (56, 40), (57, 48), (58, 37), (59, 39), (60, 43), (61, 44), (62, 41), (63, 41), (64, 40), (65, 33), (66, 36), (67, 38), (68, 36), (69, 37), (70, 37), (71, 33), (72, 35), (73, 44), (74, 39)]
	Average clustering coefficient: 0.5331348058801221
	Number of connected components: 1
	Transivity: 0.5335949846308806
	Fitness: -0.0015424481962522663
