Population size: 100

Desired properties:
	Num of nodes: 50
	Average degree: 24.8
	Transitivity: 0.5020359121553969
	Clustering coefficient: 0.5020201364363903
	Num of connected components: 1

Results:
	Node degrees: [(0, 32), (1, 24), (2, 22), (3, 25), (4, 26), (5, 24), (6, 19), (7, 26), (8, 29), (9, 24), (10, 19), (11, 23), (12, 25), (13, 22), (14, 26), (15, 24), (16, 30), (17, 28), (18, 21), (19, 20), (20, 27), (21, 21), (22, 22), (23, 22), (24, 28), (25, 26), (26, 22), (27, 27), (28, 24), (29, 31), (30, 26), (31, 23), (32, 20), (33, 26), (34, 31), (35, 26), (36, 25), (37, 20), (38, 24), (39, 26), (40, 23), (41, 25), (42, 28), (43, 24), (44, 32), (45, 27), (46, 24), (47, 23), (48, 22), (49, 26)]
	Average clustering coefficient: 0.5020935944510047
	Number of connected components: 1
	Transivity: 0.5019649636981283
	Fitness: -0.00014440647188296296
