Population size: 100

Desired properties:
	Num of nodes: 100
	Average degree: 3.2
	Transitivity: 0.02
	Clustering coefficient: 0.03
	Num of connected components: 5

Results:
	Node degrees: [(0, 43), (1, 44), (2, 49), (3, 56), (4, 42), (5, 50), (6, 48), (7, 45), (8, 47), (9, 51), (10, 50), (11, 52), (12, 45), (13, 53), (14, 47), (15, 47), (16, 47), (17, 48), (18, 42), (19, 53), (20, 43), (21, 48), (22, 45), (23, 56), (24, 51), (25, 47), (26, 47), (27, 52), (28, 49), (29, 44), (30, 52), (31, 45), (32, 47), (33, 44), (34, 49), (35, 51), (36, 53), (37, 52), (38, 46), (39, 52), (40, 47), (41, 50), (42, 42), (43, 45), (44, 37), (45, 52), (46, 57), (47, 49), (48, 47), (49, 50), (50, 53), (51, 48), (52, 53), (53, 51), (54, 47), (55, 55), (56, 47), (57, 42), (58, 43), (59, 46), (60, 44), (61, 43), (62, 55), (63, 46), (64, 46), (65, 47), (66, 45), (67, 54), (68, 54), (69, 48), (70, 53), (71, 42), (72, 42), (73, 41), (74, 45), (75, 49), (76, 44), (77, 49), (78, 48), (79, 51), (80, 49), (81, 54), (82, 50), (83, 53), (84, 44), (85, 44), (86, 39), (87, 42), (88, 41), (89, 49), (90, 47), (91, 52), (92, 48), (93, 44), (94, 43), (95, 52), (96, 50), (97, 47), (98, 46), (99, 55)]
	Average clustering coefficient: 0.48068413853244407
	Number of connected components: 1
	Transivity: 0.48057080714039413
	Fitness: -2.6048549456728383
