Population size: 50
Desired properties:
	Num of nodes: 75
	Average degree: 22
	Transitivity: 0.23
	Clustering coefficient: 0.782
	Num of connected components: 1
Results:
	Node degrees: [(0, 21), (1, 19), (2, 26), (3, 22), (4, 23), (5, 21), (6, 25), (7, 15), (8, 26), (9, 23), (10, 26), (11, 23), (12, 22), (13, 21), (14, 30), (15, 21), (16, 20), (17, 20), (18, 20), (19, 22), (20, 24), (21, 26), (22, 27), (23, 22), (24, 21), (25, 30), (26, 16), (27, 24), (28, 17), (29, 19), (30, 27), (31, 17), (32, 18), (33, 20), (34, 19), (35, 27), (36, 26), (37, 22), (38, 20), (39, 22), (40, 20), (41, 20), (42, 23), (43, 26), (44, 26), (45, 15), (46, 22), (47, 22), (48, 20), (49, 22), (50, 23), (51, 24), (52, 25), (53, 18), (54, 18), (55, 23), (56, 25), (57, 24), (58, 22), (59, 16), (60, 17), (61, 24), (62, 30), (63, 26), (64, 22), (65, 13), (66, 19), (67, 27), (68, 21), (69, 15), (70, 23), (71, 22), (72, 19), (73, 24), (74, 24)]
	Average clustering coefficient: 0.29174386111340883
	Number of connected components: 1
	Transivity: 0.29092541669004995
	Fitness: -0.5511815555766412
