Population size: 50

Desired properties:
	Num of nodes: 100
	Average degree: 46.32
	Transitivity: 0.46964342775511736
	Clustering coefficient: 0.470168926907281
	Num of connected components: 1

Results:
	Node degrees: [(0, 40), (1, 42), (2, 49), (3, 46), (4, 45), (5, 51), (6, 45), (7, 55), (8, 49), (9, 45), (10, 44), (11, 43), (12, 48), (13, 48), (14, 41), (15, 41), (16, 49), (17, 47), (18, 45), (19, 49), (20, 52), (21, 42), (22, 42), (23, 48), (24, 52), (25, 44), (26, 44), (27, 46), (28, 40), (29, 56), (30, 47), (31, 48), (32, 51), (33, 42), (34, 44), (35, 44), (36, 43), (37, 47), (38, 41), (39, 42), (40, 52), (41, 43), (42, 47), (43, 45), (44, 38), (45, 45), (46, 43), (47, 46), (48, 41), (49, 39), (50, 48), (51, 50), (52, 51), (53, 44), (54, 45), (55, 48), (56, 49), (57, 40), (58, 41), (59, 39), (60, 37), (61, 50), (62, 48), (63, 42), (64, 50), (65, 42), (66, 42), (67, 53), (68, 36), (69, 53), (70, 52), (71, 48), (72, 49), (73, 58), (74, 46), (75, 50), (76, 50), (77, 42), (78, 52), (79, 59), (80, 51), (81, 43), (82, 46), (83, 48), (84, 50), (85, 48), (86, 36), (87, 46), (88, 49), (89, 41), (90, 48), (91, 49), (92, 45), (93, 50), (94, 39), (95, 53), (96, 54), (97, 55), (98, 47), (99, 52)]
	Average clustering coefficient: 0.47022524122074877
	Number of connected components: 1
	Transivity: 0.46952748584148096
	Fitness: -0.0017722562271041164
